69.68414590113959
22.510377609592307
98.9207674254628
20.428480085704592
49.185862545337756
78.10923556618803
22.50930503420139
78.1491558585132
6.838365905546135
48.9318815802643
52.286613538168595
77.96478066624104
8.176701942705066
76.39545697362294
89.91366968385165
5.117185353952052
36.78234875681821
74.98032680666147
21.832872545887675
68.39995194554272
9.495919169943942
73.26348986432305
24.09854487391759
43.65328784661087
29.92463705761648
3.943979959838674
38.46988955166742
19.283748044062282
89.1655936077834
68.42399517513755
13.592115870151362
55.81752354611082
93.26469364572333
10.403072485240756
68.49437289939895
25.86968819123718
3.953513824627302
0.6308911830956594
3.378637643207688
88.26074206395346
96.76946386489467
55.471839199288524
45.02617008886524
50.95491903375094
64.32011797657738
20.970937510416785
55.88571729692268
20.89833983982329
44.7968323050594
71.75005511267042
