00010010100111100100011100111001110110111000110010
10110011111110000000001101000111001100100100101001
00111111111111001101011010010011010000101000100010
00000000100110010001000100110000010011001001110000
11111101101000010101101011001000100110111000000101
10000110001010110111011101110000111010011101100111
10000000000011010010010011001010100000101100010100
00000100010111111101101111000110100100101000100101
01000010111000100100101100100111100000001100100001
10100001101000000110010001101010011100110000000111
11011010100011111110010011001010101100011000110111
01001000111100111100001111100011111100110101010000
00000100010010110110010000000101000010100100110110
11111101111011001001000000010010011011101000110010
00011001100111110000111101000101011000111001010010
01110111111100000101011110000100010000010110011101
01011110101101111000100011100100000111111000101101
11011111111010110011101110101001011100011111001110
01100000110001111100000011110101000111110111001100
01001001100100101100001000001000001101110111101010
01011010101011010010101111111000100000000110011011
10100010110111001110010100111101101011011011110110
01000010011000001100100001111110110010111010100011
10110111111101011011100011101100001110001011011101
01001111010001110100011100001001110010010111100010
10100011110110100010110010001010100111010010010010
00101111111000101011011100110000110100111111111000
01111000110110001101000001110100111100001000001010
01101011000001110011101101110010001001001001010110
01100000001101101011001000001001100001011110100110
00101111000010101110100000001011110001100011111000
10111000010111001010110101010000000011101101011011
01101010110011001110010101010001000010101101001110
00011110111001010110111001010001101011001111101111
10000100000101001000101111101010101100101111001001
00101000100011110001111011101001000010111100000110
01000000110110100010110010000000101000011111111001
10101010000011000010001101001111111110010101001010
11110101001100101011110010010100010110000110000001
11001101100111110111011101000011111000100001010001
10001010011110001001111110010010111110000010101111
00000100010111001000011000000001101000101101110011
00110000101000001001000101000111111101001001001101
01010110111010010001000100011000111000110010101000
00100110111001011110011100101010001101010111010101
01101000010010000111110110110111010001010011011100
00101110000111111110111101111010000001000110111111
00001011101111110110111010010100001010100111110110
00011111100011110101110100101100011000110001100001
10111111010001001010110000111111000001001111010100
